0 0.0000 1.0840 1.0840
1 0.1571 2.5591 1.8215
2 0.3140 4.2065 2.6165
3 0.4705 1.3186 2.2920
4 0.6267 0.5424 1.9421
5 0.7822 3.5433 2.2090
6 0.9369 2.9639 2.3168
7 1.0907 0.5734 2.0989
8 1.2434 4.1198 2.3234
9 1.3950 4.7455 2.5656
10 1.5451 5.1969 2.9769
11 1.6937 0.7033 2.7913
12 1.8406 4.1923 2.7899
13 1.9857 3.9616 3.0542
14 2.1289 5.0888 3.5089
15 2.2700 3.7900 3.5335
16 2.4088 2.9670 3.5339
17 2.5452 1.5664 3.6332
18 2.6791 2.8764 3.5088
19 2.8104 2.3892 3.2732
20 2.9389 5.3292 3.2864
21 3.0645 2.5975 3.4759
22 3.1871 6.7257 3.7292
23 3.3066 4.5307 3.7861
24 3.4227 6.9732 3.9745
25 3.5355 2.9884 3.8944
26 3.6448 7.1553 4.3132
27 3.7506 6.0696 4.7635
28 3.8526 5.4718 5.0231
29 3.9508 6.9838 5.4825
30 4.0451 7.9178 5.7414
31 4.1354 3.6716 5.8488
32 4.2216 4.4433 5.6206
33 4.3037 5.2679 5.6943
34 4.3815 4.7390 5.4709
35 4.4550 4.2181 5.5938
36 4.5241 8.4680 5.7251
37 4.5888 5.8371 5.7018
38 4.6489 5.8282 5.7375
39 4.7044 3.9037 5.4295
40 4.7553 3.9143 5.0291
41 4.8015 7.1469 5.3766
42 4.8429 5.5588 5.4882
43 4.8796 7.8157 5.7430
44 4.9114 8.3301 6.1021
45 4.9384 5.5666 6.2369
46 4.9606 5.2321 5.9133
47 4.9778 8.2718 6.1568
48 4.9901 8.5520 6.4292
49 4.9975 6.6717 6.7060
50 5.0000 7.3251 7.0471
51 4.9975 7.6996 7.1024
52 4.9901 5.1952 7.0660
53 4.9778 7.4047 7.0249
54 4.9606 7.1319 6.9051
55 4.9384 4.3370 6.7821
56 4.9114 8.6729 7.1262
57 4.8796 8.6371 7.1627
58 4.8429 8.2046 7.1280
59 4.8015 6.5387 7.1147
60 4.7553 4.4082 6.8230
61 4.7044 5.1623 6.5693
62 4.6489 5.4971 6.5995
63 4.5888 3.9632 6.2553
64 4.5241 7.3898 6.2811
65 4.4550 7.6527 6.6127
66 4.3815 7.6227 6.5076
67 4.3037 6.4314 6.2871
68 4.2216 3.7295 5.8396
69 4.1354 3.6084 5.5465
70 4.0451 7.1272 5.8184
71 3.9508 3.7266 5.6749
72 3.8526 4.3803 5.5632
73 3.7506 6.8347 5.8503
74 3.6448 5.1876 5.6301
75 3.5355 7.1278 5.5776
76 3.4227 3.6658 5.1819
77 3.3066 2.4726 4.7861
78 3.1871 4.6393 4.8770
79 3.0645 5.9495 5.1111
80 2.9389 2.7817 4.6766
81 2.8104 2.1200 4.5159
82 2.6791 2.7404 4.3519
83 2.5452 4.8748 4.1560
84 2.4088 5.9252 4.2297
85 2.2700 6.0714 4.1241
86 2.1289 2.5787 4.0154
87 1.9857 5.3584 4.3039
88 1.8406 4.2056 4.2606
89 1.6937 2.2056 3.8862
90 1.5451 4.5270 4.0607
91 1.3950 1.8858 4.0373
92 1.2434 4.9959 4.2628
93 1.0907 3.5594 4.1313
94 0.9369 1.6536 3.7041
95 0.7822 1.3649 3.2335
96 0.6267 1.8797 3.1636
97 0.4705 4.1100 3.0387
98 0.3140 0.4949 2.6677
99 0.1571 1.4351 2.5906
100 0.0000 2.8496 2.4229
101 -0.1571 -0.1962 2.2147
102 -0.3140 1.0944 1.8245
103 -0.4705 0.9726 1.5659
104 -0.6267 1.9139 1.5919
105 -0.7822 -0.6391 1.3915
106 -0.9369 2.7161 1.4751
107 -1.0907 -1.4246 0.9217
108 -1.2434 1.7685 1.0490
109 -1.3950 1.8842 1.0939
110 -1.5451 -0.8624 0.7227
111 -1.6937 -2.6934 0.4730
112 -1.8406 -2.3116 0.1324
113 -1.9857 0.8079 0.1159
114 -2.1289 -0.0691 -0.0824
115 -2.2700 1.4809 0.1296
116 -2.4088 0.2977 -0.1122
117 -2.5452 1.2154 0.1518
118 -2.6791 -3.3666 -0.3617
119 -2.8104 -1.2304 -0.6732
120 -2.9389 -2.6298 -0.8499
121 -3.0645 0.0565 -0.5749
122 -3.1871 0.2204 -0.3217
123 -3.3066 -1.5857 -0.5611
124 -3.4227 -2.6777 -0.8219
125 -3.5355 -3.7025 -1.3403
126 -3.6448 -1.2202 -1.4921
127 -3.7506 -1.1793 -1.7315
128 -3.8526 -0.4495 -1.4398
129 -3.9508 -4.4678 -1.7636
130 -4.0451 -3.1986 -1.8204
131 -4.1354 -4.6790 -2.2940
132 -4.2216 -0.7302 -2.3891
133 -4.3037 -3.9099 -2.6215
134 -4.3815 -5.0190 -2.8556
135 -4.4550 -3.6169 -2.8470
136 -4.5241 -2.9879 -3.0238
137 -4.5888 -3.8337 -3.2892
138 -4.6489 -3.0505 -3.5494
139 -4.7044 -0.9527 -3.1978
140 -4.7553 -4.5623 -3.3342
141 -4.8015 -0.9881 -2.9651
142 -4.8429 -3.1678 -3.2089
143 -4.8796 -3.1257 -3.1305
144 -4.9114 -1.3810 -2.7667
145 -4.9384 -4.2912 -2.8341
146 -4.9606 -5.9555 -3.1309
147 -4.9778 -3.8166 -3.1292
148 -4.9901 -3.5516 -3.1793
149 -4.9975 -2.4334 -3.3273
150 -5.0000 -5.7705 -3.4481
151 -4.9975 -1.1367 -3.4630
152 -4.9901 -5.6663 -3.7129
153 -4.9778 -2.3322 -3.6335
154 -4.9606 -2.2546 -3.7209
155 -4.9384 -2.4641 -3.5382
156 -4.9114 -4.1719 -3.3598
157 -4.8796 -1.4045 -3.1186
158 -4.8429 -5.3931 -3.3027
159 -4.8015 -3.6447 -3.4239
160 -4.7553 -1.6397 -3.0108
161 -4.7044 -4.1258 -3.3097
162 -4.6489 -2.7106 -3.0141
163 -4.5888 -1.7769 -2.9586
164 -4.5241 -5.2867 -3.2618
165 -4.4550 -0.8452 -3.0999
166 -4.3815 -4.7013 -3.1528
167 -4.3037 -3.2997 -3.3424
168 -4.2216 -4.5865 -3.2617
169 -4.1354 -4.3267 -3.3299
170 -4.0451 -2.0827 -3.3742
171 -3.9508 -1.6018 -3.1218
172 -3.8526 -0.3166 -2.8824
173 -3.7506 -1.9798 -2.9027
174 -3.6448 -0.9718 -2.4712
175 -3.5355 -0.8707 -2.4738
176 -3.4227 0.1145 -1.9922
177 -3.3066 -4.2579 -2.0880
178 -3.1871 0.4264 -1.5867
179 -3.0645 -0.4019 -1.1942
180 -2.9389 -1.2815 -1.1141
181 -2.8104 -2.1819 -1.1721
182 -2.6791 -2.4770 -1.3882
183 -2.5452 -1.0837 -1.2986
184 -2.4088 -0.4888 -1.2503
185 -2.2700 0.5325 -1.1099
186 -2.1289 -1.1524 -1.2366
187 -1.9857 1.7190 -0.6389
188 -1.8406 0.2852 -0.6530
189 -1.6937 -2.2187 -0.8347
190 -1.5451 -1.7437 -0.8809
191 -1.3950 2.1674 -0.4460
192 -1.2434 -1.2716 -0.3255
193 -1.0907 -1.6586 -0.3829
194 -0.9369 1.2508 -0.2090
195 -0.7822 0.6169 -0.2006
196 -0.6267 0.5463 -0.0307
197 -0.4705 2.1328 0.0107
198 -0.3140 -0.6857 -0.0864
199 -0.1571 1.2332 0.2588
200 -0.0000 -0.2608 0.4071
201 0.1571 0.0067 0.1910
202 0.3140 3.6735 0.6855
203 0.4705 1.3352 0.9849
204 0.6267 3.6975 1.2295
205 0.7822 4.0923 1.5771
206 0.9369 2.3878 1.7612
207 1.0907 0.7501 1.6230
208 1.2434 3.2648 2.0180
209 1.3950 3.2274 2.2174
210 1.5451 2.1772 2.4613
211 1.6937 1.9569 2.6563
212 1.8406 5.4294 2.8319
213 1.9857 5.5121 3.2495
214 2.1289 3.8914 3.2689
215 2.2700 4.3046 3.2902
216 2.4088 3.7988 3.4313
217 2.5452 2.5102 3.6073
218 2.6791 3.0282 3.5836
219 2.8104 3.0818 3.5691
220 2.9389 4.5138 3.8027
221 3.0645 2.1343 3.8205
222 3.1871 4.2068 3.6982
223 3.3066 6.7234 3.8193
224 3.4227 2.7574 3.7059
225 3.5355 4.7416 3.7496
226 3.6448 6.0026 3.9700
227 3.7506 2.9297 4.0120
228 3.8526 7.5169 4.4608
229 3.9508 4.4756 4.6002
230 4.0451 5.0497 4.6538
231 4.1354 6.9879 5.1392
232 4.2216 4.7528 5.1937
233 4.3037 5.3826 5.0597
234 4.3815 5.8169 5.3656
235 4.4550 8.0667 5.6981
236 4.5241 6.6338 5.7613
237 4.5888 4.3345 5.9017
238 4.6489 4.9636 5.6464
239 4.7044 6.7744 5.8763
240 4.7553 6.9913 6.0705
241 4.8015 5.2900 5.9007
242 4.8429 6.6827 6.0937
243 4.8796 4.7568 6.0311
244 4.9114 5.6508 6.0145
245 4.9384 6.9245 5.9003
246 4.9606 7.9355 6.0304
247 4.9778 4.6167 6.0586
248 4.9901 6.7974 6.2420
249 4.9975 8.1604 6.3806
250 5.0000 4.9851 6.1800
251 4.9975 5.9382 6.2448
252 4.9901 4.0294 5.9795
253 4.9778 8.6297 6.3668
254 4.9606 5.1365 6.3153
255 4.9384 5.6940 6.1923
256 4.9114 7.2592 6.1247
257 4.8796 8.5985 6.5228
258 4.8429 5.0856 6.3517
259 4.8015 3.8212 5.9177
260 4.7553 4.1143 5.8307
261 4.7044 5.3860 5.7754
262 4.6489 4.7877 5.8513
263 4.5888 7.2415 5.7124
264 4.5241 5.9990 5.7987
265 4.4550 5.8094 5.8102
266 4.3815 8.2488 5.9092
267 4.3037 8.1124 5.8606
268 4.2216 6.4671 5.9987
269 4.1354 6.6844 6.2851
270 4.0451 5.1467 6.3883
271 3.9508 4.5858 6.3083
272 3.8526 7.0685 6.5364
273 3.7506 2.9146 6.1037
274 3.6448 4.6910 5.9729
275 3.5355 4.8607 5.8780
276 3.4227 3.3209 5.3852
277 3.3066 5.1996 5.0939
278 3.1871 5.6208 5.0093
279 3.0645 2.8042 4.6213
280 2.9389 5.9654 4.7031
281 2.8104 1.8921 4.4338
282 2.6791 3.7562 4.1025
283 2.5452 5.9295 4.4040
284 2.4088 5.1613 4.4511
285 2.2700 2.0404 4.1690
286 2.1289 6.0021 4.4371
287 1.9857 4.0063 4.3178
288 1.8406 2.7764 4.0334
289 1.6937 4.1391 4.1669
290 1.5451 2.2132 3.7917
291 1.3950 4.0894 4.0114
292 1.2434 0.4299 3.6788
293 1.0907 2.6271 3.3485
294 0.9369 3.8283 3.2152
295 0.7822 0.2413 3.0353
296 0.6267 3.4427 2.7794
297 0.4705 1.6602 2.5448
298 0.3140 0.6768 2.3348
299 0.1571 3.7380 2.2947
300 0.0000 3.3525 2.4086
301 -0.1571 3.1899 2.3187
302 -0.3140 -0.1338 2.2623
303 -0.4705 2.0290 2.2025
304 -0.6267 -0.8503 1.7346
305 -0.7822 -1.1202 1.5985
306 -0.9369 -1.8449 1.0697
307 -1.0907 2.2434 1.1280
308 -1.2434 -0.1091 1.0494
309 -1.3950 -2.1069 0.4650
310 -1.5451 1.7203 0.3017
311 -1.6937 -2.4856 -0.2658
312 -1.8406 -1.1571 -0.3681
313 -1.9857 0.0780 -0.5632
314 -2.1289 -0.2798 -0.5062
315 -2.2700 -3.0893 -0.7031
316 -2.4088 -3.1793 -0.8365
317 -2.5452 -3.4144 -1.4023
318 -2.6791 0.5663 -1.3348
319 -2.8104 -2.7508 -1.3992
320 -2.9389 -0.1334 -1.5845
321 -3.0645 -2.5478 -1.5908
322 -3.1871 -2.6966 -1.7447
323 -3.3066 -2.4236 -1.9949
324 -3.4227 -1.0662 -2.0735
325 -3.5355 -1.8267 -1.9472
326 -3.6448 -3.9907 -2.0284
327 -3.7506 -0.4041 -1.7274
328 -3.8526 -3.2716 -2.1111
329 -3.9508 -0.1954 -1.8556
330 -4.0451 -1.3827 -1.9805
331 -4.1354 -0.1752 -1.7433
332 -4.2216 -0.6355 -1.5372
333 -4.3037 -0.3809 -1.3329
334 -4.3815 -0.9316 -1.3194
335 -4.4550 -3.2409 -1.4609
336 -4.5241 -2.0095 -1.2627
337 -4.5888 -3.1474 -1.5371
338 -4.6489 -0.7986 -1.2898
339 -4.7044 -1.1678 -1.3870
340 -4.7553 -1.9565 -1.4444
341 -4.8015 -4.4323 -1.8701
342 -4.8429 -1.7154 -1.9781
343 -4.8796 -3.5577 -2.2958
344 -4.9114 -3.7155 -2.5742
345 -4.9384 -5.8315 -2.8332
346 -4.9606 -2.4044 -2.8727
347 -4.9778 -1.1632 -2.6743
348 -4.9901 -1.7235 -2.7668
349 -4.9975 -1.4028 -2.7903
350 -5.0000 -1.0421 -2.6988
351 -4.9975 -5.8709 -2.8427
352 -4.9901 -3.5459 -3.0258
353 -4.9778 -1.2572 -2.7957
354 -4.9606 -1.3627 -2.5604
355 -4.9384 -1.7666 -2.1539
356 -4.9114 -3.5505 -2.2685
357 -4.8796 -4.9051 -2.6427
358 -4.8429 -4.4926 -2.9196
359 -4.8015 -4.0065 -3.1800
360 -4.7553 -3.1774 -3.3935
361 -4.7044 -4.8270 -3.2892
362 -4.6489 -5.1130 -3.4459
363 -4.5888 -4.7050 -3.7906
364 -4.5241 -5.1410 -4.1685
365 -4.4550 -3.2386 -4.3157
366 -4.3815 -3.0400 -4.2646
367 -4.3037 -2.5673 -4.0308
368 -4.2216 -1.4129 -3.7229
369 -4.1354 -2.5177 -3.5740
370 -4.0451 -3.8211 -3.6384
371 -3.9508 -0.4784 -3.2035
372 -3.8526 -2.3291 -2.9251
373 -3.7506 -2.2607 -2.6807
374 -3.6448 -4.4364 -2.6102
375 -3.5355 -2.7710 -2.5635
376 -3.4227 -1.6607 -2.4255
377 -3.3066 -3.4404 -2.5128
378 -3.1871 -2.7027 -2.6418
379 -3.0645 -1.3878 -2.5288
380 -2.9389 0.0021 -2.1465
381 -2.8104 -2.6307 -2.3617
382 -2.6791 -1.4722 -2.2760
383 -2.5452 -2.6628 -2.3163
384 -2.4088 -1.2879 -2.0014
385 -2.2700 -1.7700 -1.9013
386 -2.1289 -1.2197 -1.8572
387 -1.9857 1.0676 -1.4064
388 -1.8406 0.1314 -1.1230
389 -1.6937 -1.4285 -1.1271
390 -1.5451 -2.1111 -1.3384
391 -1.3950 -1.7029 -1.2456
392 -1.2434 2.1521 -0.8832
393 -1.0907 1.9483 -0.4221
394 -0.9369 0.8491 -0.2084
395 -0.7822 -0.5860 -0.0900
396 -0.6267 -0.1648 0.0155
397 -0.4705 1.8532 0.0941
398 -0.3140 3.5037 0.4313
399 -0.1571 0.2726 0.6014
400 -0.0000 2.8180 1.0943
401 0.1571 0.1198 1.2766
402 0.3140 0.4622 1.1076
403 0.4705 4.0572 1.3185
404 0.6267 2.8487 1.5185
405 0.7822 -0.0578 1.5713
406 0.9369 4.1657 2.0043
407 1.0907 4.7175 2.2908
408 1.2434 1.6049 2.1009
409 1.3950 3.0472 2.3783
410 1.5451 1.4970 2.2462
411 1.6937 2.7581 2.5101
412 1.8406 1.4518 2.6090
413 1.9857 3.0457 2.5079
414 2.1289 1.8494 2.4079
415 2.2700 1.6633 2.5801
416 2.4088 4.2943 2.5929
417 2.5452 4.5003 2.5712
418 2.6791 3.0545 2.7162
419 2.8104 5.7365 2.9851
420 2.9389 6.1830 3.4537
421 3.0645 4.7337 3.6512
422 3.1871 4.0780 3.9139
423 3.3066 2.6371 3.8730
424 3.4227 2.8271 3.9708
425 3.5355 2.9140 4.0958
426 3.6448 5.8905 4.2555
427 3.7506 6.3980 4.4452
428 3.8526 3.6738 4.5072
429 3.9508 3.4478 4.2783
430 4.0451 4.4163 4.1016
431 4.1354 4.1993 4.0482
432 4.2216 4.7047 4.1108
433 4.3037 8.2083 4.6680
434 4.3815 6.9707 5.0823
435 4.4550 7.6866 5.5596
436 4.5241 7.6129 5.7318
437 4.5888 4.6349 5.5555
438 4.6489 6.0881 5.7969
439 4.7044 7.1086 6.1630
440 4.7553 5.5107 6.2725
441 4.8015 4.2332 6.2759
442 4.8429 7.1502 6.5204
443 4.8796 4.0603 6.1056
444 4.9114 7.8288 6.1914
445 4.9384 8.5045 6.2732
446 4.9606 8.7184 6.3838
447 4.9778 6.1101 6.5313
448 4.9901 4.5593 6.3784
449 4.9975 6.8396 6.3515
450 5.0000 6.9777 6.4982
451 4.9975 4.0924 6.4841
452 4.9901 7.5021 6.5193
453 4.9778 8.4085 6.9541
454 4.9606 8.1987 6.9911
455 4.9384 5.3487 6.6755
456 4.9114 8.6679 6.6705
457 4.8796 7.5713 6.8166
458 4.8429 5.6221 6.9229
459 4.8015 8.6956 7.1085
460 4.7553 8.4974 7.2605
461 4.7044 4.8490 7.3361
462 4.6489 4.6760 7.0535
463 4.5888 4.4038 6.6530
464 4.5241 4.0503 6.2382
465 4.4550 7.9823 6.5016
466 4.3815 7.9253 6.4273
467 4.3037 4.9686 6.1670
468 4.2216 4.8211 6.0869
469 4.1354 5.1061 5.7280
470 4.0451 3.6674 5.2450
471 3.9508 4.9505 5.2551
472 3.8526 6.3385 5.4214
473 3.7506 4.5791 5.4389
474 3.6448 4.5756 5.4915
475 3.5355 5.6712 5.2603
476 3.4227 4.2033 4.8881
477 3.3066 3.4905 4.7403
478 3.1871 5.2960 4.7878
479 3.0645 3.0431 4.5815
480 2.9389 3.7238 4.5872
481 2.8104 4.3836 4.5305
482 2.6791 5.4085 4.4375
483 2.5452 4.3166 4.4112
484 2.4088 2.8012 4.2338
485 2.2700 2.2203 3.8887
486 2.1289 1.6521 3.6336
487 1.9857 2.0223 3.4868
488 1.8406 3.2246 3.2796
489 1.6937 1.1229 3.0876
490 1.5451 0.8278 2.7980
491 1.3950 0.8935 2.4490
492 1.2434 3.0292 2.2111
493 1.0907 2.9221 2.0716
494 0.9369 2.2783 2.0193
495 0.7822 1.0475 1.9020
496 0.6267 0.0768 1.7445
497 0.4705 2.0419 1.7465
498 0.3140 1.3547 1.5595
499 0.1571 3.2084 1.7680
500 0.0000 -0.4885 1.6364
501 -0.1571 3.7555 1.9226
502 -0.3140 2.7781 1.8975
503 -0.4705 -0.7482 1.5305
504 -0.6267 0.2499 1.3276
505 -0.7822 0.3396 1.2568
506 -0.9369 0.2967 1.2788
507 -1.0907 -1.1460 0.9600
508 -1.2434 -1.8405 0.6405
509 -1.3950 2.1621 0.5359
510 -1.5451 1.5505 0.7398
511 -1.6937 0.5239 0.4166
512 -1.8406 1.0854 0.2474
513 -1.9857 -1.7688 0.1453
514 -2.1289 -0.4547 0.0748
515 -2.2700 -2.1972 -0.1789
516 -2.4088 -1.6257 -0.3711
517 -2.5452 -1.7600 -0.4325
518 -2.6791 -0.3531 -0.2838
519 -2.8104 -1.0886 -0.6088
520 -2.9389 0.0624 -0.7577
521 -3.0645 0.6350 -0.7465
522 -3.1871 -1.5039 -1.0055
523 -3.3066 0.6237 -0.7662
524 -3.4227 -1.6271 -0.8835
525 -3.5355 -1.2574 -0.7895
526 -3.6448 -1.2440 -0.7513
527 -3.7506 -0.3473 -0.6100
528 -3.8526 -3.3129 -0.9060
529 -3.9508 -0.5170 -0.8489
530 -4.0451 -3.9051 -1.2456
531 -4.1354 -2.6744 -1.5765
532 -4.2216 -1.3585 -1.5620
533 -4.3037 -3.2974 -1.9541
534 -4.3815 -2.6884 -2.0602
535 -4.4550 -4.1679 -2.3513
536 -4.5241 -2.4921 -2.4761
537 -4.5888 -1.3414 -2.5755
538 -4.6489 -3.9904 -2.6433
539 -4.7044 -3.1741 -2.9090
540 -4.7553 -1.4865 -2.6671
541 -4.8015 -3.3173 -2.7314
542 -4.8429 -5.2728 -3.1228
543 -4.8796 -4.3389 -3.2270
544 -4.9114 -5.7437 -3.5325
545 -4.9384 -5.4401 -3.6597
546 -4.9606 -5.0726 -3.9178
547 -4.9778 -2.9553 -4.0792
548 -4.9901 -4.1273 -4.0929
549 -4.9975 -4.3492 -4.2104
550 -5.0000 -1.2429 -4.1860
551 -4.9975 -4.6138 -4.3157
552 -4.9901 -4.8863 -4.2770
553 -4.9778 -2.7117 -4.1143
554 -4.9606 -1.0219 -3.6421
555 -4.9384 -4.3742 -3.5355
556 -4.9114 -5.0157 -3.5298
557 -4.8796 -5.5176 -3.7861
558 -4.8429 -4.0187 -3.7752
559 -4.8015 -2.1779 -3.5581
560 -4.7553 -0.8949 -3.5233
561 -4.7044 -2.5373 -3.3156
562 -4.6489 -1.7163 -2.9986
563 -4.5888 -3.7178 -3.0992
564 -4.5241 -2.5503 -3.2521
565 -4.4550 -4.9115 -3.3058
566 -4.3815 -4.5798 -3.2622
567 -4.3037 -3.4886 -3.0593
568 -4.2216 -1.3832 -2.7958
569 -4.1354 -1.3380 -2.7118
570 -4.0451 -0.3655 -2.6588
571 -3.9508 -4.2302 -2.8281
572 -3.8526 -3.7103 -3.0275
573 -3.7506 -1.8298 -2.8387
574 -3.6448 0.2723 -2.5565
575 -3.5355 -4.4895 -2.5143
576 -3.4227 0.0436 -2.0519
577 -3.3066 0.4922 -1.6538
578 -3.1871 -2.7097 -1.7865
579 -3.0645 -3.5137 -2.0041
580 -2.9389 -1.8469 -2.1522
581 -2.8104 -3.4013 -2.0693
582 -2.6791 -2.2214 -1.9204
583 -2.5452 -0.1979 -1.7572
584 -2.4088 -2.4406 -2.0285
585 -2.2700 -2.7209 -1.8517
586 -2.1289 -3.0903 -2.1651
587 -1.9857 -0.3038 -2.2447
588 -1.8406 -1.3489 -2.1086
589 -1.6937 -0.5771 -1.8149
590 -1.5451 2.2160 -1.4086
591 -1.3950 1.3326 -0.9352
592 -1.2434 0.0154 -0.7116
593 -1.0907 2.3902 -0.4527
594 -0.9369 2.6038 0.0517
595 -0.7822 -0.6180 0.2620
596 -0.6267 0.8177 0.6528
597 -0.4705 1.5012 0.8333
598 -0.3140 1.0117 1.0693
599 -0.1571 0.6771 1.1948
600 -0.0000 0.9628 1.0694
601 0.1571 3.1773 1.2539
602 0.3140 2.1152 1.4639
603 0.4705 1.7208 1.3970
604 0.6267 1.6966 1.3062
605 0.7822 3.7604 1.7441
606 0.9369 3.9884 2.0612
607 1.0907 4.3287 2.3439
608 1.2434 1.8029 2.4230
609 1.3950 1.5498 2.5103
610 1.5451 5.1253 2.9265
611 1.6937 5.1875 3.1276
612 1.8406 2.0527 3.1213
613 1.9857 4.0789 3.3571
614 2.1289 5.7308 3.7605
615 2.2700 2.6128 3.6458
616 2.4088 3.0612 3.5531
617 2.5452 5.1703 3.6372
618 2.6791 4.6832 3.9253
619 2.8104 6.2818 4.3985
620 2.9389 4.2094 4.3069
621 3.0645 3.7960 4.1677
622 3.1871 6.0793 4.5704
623 3.3066 3.2287 4.4853
624 3.4227 3.7865 4.2909
625 3.5355 4.2759 4.4572
626 3.6448 6.7629 4.8274
627 3.7506 5.8805 4.8984
628 3.8526 3.0094 4.7310
629 3.9508 4.8454 4.5874
630 4.0451 3.7484 4.5413
631 4.1354 5.4135 4.7030
632 4.2216 4.0754 4.5026
633 4.3037 4.1237 4.5921
634 4.3815 7.9422 5.0077
635 4.4550 6.2153 5.2017
636 4.5241 4.9031 5.0157
637 4.5888 7.5133 5.1790
638 4.6489 8.0689 5.6849
639 4.7044 4.7307 5.6735
640 4.7553 5.7211 5.8707
641 4.8015 8.0622 6.1356
642 4.8429 6.2086 6.3489
643 4.8796 8.4735 6.7839
644 4.9114 5.1570 6.5054
645 4.9384 8.8208 6.7659
646 4.9606 8.8538 7.1610
647 4.9778 8.4854 7.2582
648 4.9901 5.9854 7.0499
649 4.9975 6.2242 7.1992
650 5.0000 4.8867 7.1158
651 4.9975 6.0237 6.9119
652 4.9901 8.1898 7.1100
653 4.9778 6.5305 6.9157
654 4.9606 4.3903 6.8391
655 4.9384 6.7596 6.6329
656 4.9114 4.4956 6.1971
657 4.8796 4.8470 5.8333
658 4.8429 4.6921 5.7039
659 4.8015 8.2654 5.9081
660 4.7553 6.0301 6.0224
661 4.7044 3.7766 5.7977
662 4.6489 7.5537 5.7341
663 4.5888 4.0755 5.4886
664 4.5241 8.2653 5.8761
665 4.4550 6.2130 5.8214
666 4.3815 3.9066 5.7625
667 4.3037 5.1013 5.7880
668 4.2216 4.8999 5.8087
669 4.1354 4.3191 5.4141
670 4.0451 5.0451 5.3156
671 3.9508 6.6791 5.6059
672 3.8526 4.8381 5.3343
673 3.7506 4.2165 5.3484
674 3.6448 6.6791 5.1898
675 3.5355 7.0353 5.2720
676 3.4227 4.9193 5.3733
677 3.3066 3.4214 5.2053
678 3.1871 4.7546 5.1908
679 3.0645 5.4490 5.3038
680 2.9389 3.5561 5.1549
681 2.8104 5.5532 5.0423
682 2.6791 4.4493 5.0034
683 2.5452 5.8921 5.1710
684 2.4088 2.9374 4.7968
685 2.2700 4.3523 4.5285
686 2.1289 1.2462 4.1612
687 1.9857 4.4301 4.2620
688 1.8406 4.9516 4.2817
689 1.6937 1.5337 3.8902
690 1.5451 5.4958 4.0842
691 1.3950 1.1626 3.6451
692 1.2434 3.4862 3.5488
693 1.0907 0.5114 3.0107
694 0.9369 4.3683 3.1538
695 0.7822 -0.0111 2.7175
696 0.6267 3.2625 2.9191
697 0.4705 0.5216 2.5283
698 0.3140 2.6075 2.2939
699 0.1571 1.9727 2.3378
700 0.0000 2.8575 2.0739
701 -0.1571 3.1790 2.2756
702 -0.3140 0.9873 2.0257
703 -0.4705 0.5959 2.0341
704 -0.6267 2.0732 1.8046
705 -0.7822 0.9949 1.9052
706 -0.9369 -1.1193 1.4670
707 -1.0907 -0.3246 1.3824
708 -1.2434 1.3068 1.2523
709 -1.3950 -0.1100 1.0441
710 -1.5451 -0.1533 0.7430
711 -1.6937 2.2294 0.6480
712 -1.8406 -1.9206 0.3572
713 -1.9857 0.2329 0.3209
714 -2.1289 1.6398 0.2776
715 -2.2700 1.0699 0.2851
716 -2.4088 -1.6204 0.2350
717 -2.5452 -1.5662 0.1108
718 -2.6791 -0.4497 -0.0648
719 -2.8104 -0.5930 -0.1131
720 -2.9389 -2.0230 -0.3001
721 -3.0645 -1.3720 -0.6602
722 -3.1871 -0.5179 -0.5200
723 -3.3066 -2.7570 -0.8189
724 -3.4227 -3.6364 -1.3466
725 -3.5355 -3.5229 -1.8059
726 -3.6448 -0.3295 -1.6768
727 -3.7506 -3.1601 -1.8362
728 -3.8526 -1.5227 -1.9435
729 -3.9508 -0.3783 -1.9220
730 -4.0451 -2.5491 -1.9746
731 -4.1354 -1.9612 -2.0335
732 -4.2216 -3.1337 -2.2951
733 -4.3037 -3.1856 -2.3380
734 -4.3815 -5.0182 -2.4761
735 -4.4550 -3.2850 -2.4523
736 -4.5241 -0.5527 -2.4747
737 -4.5888 -4.7329 -2.6319
738 -4.6489 -4.6702 -2.9467
739 -4.7044 -2.8499 -3.1938
740 -4.7553 -4.4822 -3.3871
741 -4.8015 -1.7579 -3.3668
742 -4.8429 -2.1789 -3.2713
743 -4.8796 -3.4004 -3.2928
744 -4.9114 -4.8250 -3.2735
745 -4.9384 -2.5829 -3.2033
746 -4.9606 -5.9328 -3.7413
747 -4.9778 -2.1599 -3.4840
748 -4.9901 -5.2000 -3.5370
749 -4.9975 -2.9403 -3.5460
750 -5.0000 -1.4279 -3.2406
751 -4.9975 -2.0246 -3.2673
752 -4.9901 -1.2376 -3.1732
753 -4.9778 -5.4627 -3.3794
754 -4.9606 -4.6768 -3.3646
755 -4.9384 -5.7146 -3.6777
756 -4.9114 -4.9988 -3.5843
757 -4.8796 -5.8028 -3.9486
758 -4.8429 -5.7224 -4.0009
759 -4.8015 -4.6044 -4.1673
760 -4.7553 -5.3582 -4.5603
761 -4.7044 -0.8526 -4.4431
762 -4.6489 -0.8550 -4.4048
763 -4.5888 -1.4499 -4.0035
764 -4.5241 -1.7023 -3.7061
765 -4.4550 -2.0322 -3.3379
766 -4.3815 -4.6233 -3.3003
767 -4.3037 -3.7293 -3.0930
768 -4.2216 -0.7777 -2.5985
769 -4.1354 -4.1139 -2.5494
770 -4.0451 -0.2332 -2.0369
771 -3.9508 -1.8185 -2.1335
772 -3.8526 -4.0400 -2.4520
773 -3.7506 -2.5534 -2.5624
774 -3.6448 -4.4314 -2.8353
775 -3.5355 -3.7207 -3.0041
776 -3.4227 -0.3421 -2.5760
777 -3.3066 0.2047 -2.1826
778 -3.1871 -0.4620 -2.1511
779 -3.0645 -0.5647 -1.7961
780 -2.9389 -1.3117 -1.9040
781 -2.8104 -3.5225 -2.0744
782 -2.6791 -0.1967 -1.6900
783 -2.5452 0.4040 -1.3943
784 -2.4088 0.7459 -0.8766
785 -2.2700 -2.3152 -0.7360
786 -2.1289 0.9754 -0.6043
787 -1.9857 1.1253 -0.5122
788 -1.8406 0.0696 -0.4591
789 -1.6937 -1.6954 -0.5721
790 -1.5451 0.3969 -0.4013
791 -1.3950 -0.4036 -0.0894
792 -1.2434 -0.0515 -0.0749
793 -1.0907 -1.0160 -0.2169
794 -0.9369 1.9429 -0.0972
795 -0.7822 -0.9003 0.0443
796 -0.6267 3.1663 0.2634
797 -0.4705 0.8286 0.2337
798 -0.3140 1.2746 0.3542
799 -0.1571 3.0646 0.8302
800 -0.0000 0.5423 0.8448
801 0.1571 0.4054 0.9257
802 0.3140 3.9563 1.3265
803 0.4705 1.3435 1.5624
804 0.6267 0.2247 1.3906
805 0.7822 2.4913 1.7297
806 0.9369 0.3378 1.4469
807 1.0907 1.1888 1.4829
808 1.2434 2.8912 1.6446
809 1.3950 5.0945 1.8476
810 1.5451 3.6134 2.1547
811 1.6937 3.7048 2.4846
812 1.8406 5.5142 2.6404
813 1.9857 3.7844 2.8845
814 2.1289 4.9576 3.3578
815 2.2700 4.0613 3.5148
816 2.4088 3.8470 3.8657
817 2.5452 4.8595 4.2328
818 2.6791 2.1505 4.1587
819 2.8104 6.2483 4.2741
820 2.9389 6.2875 4.5415
821 3.0645 4.3827 4.6093
822 3.1871 5.5930 4.6172
823 3.3066 5.6512 4.8039
824 3.4227 4.2734 4.7354
825 3.5355 2.6188 4.5912
826 3.6448 3.1225 4.5187
827 3.7506 5.2323 4.5560
828 3.8526 6.8686 5.0278
829 3.9508 5.9031 4.9933
830 4.0451 7.5334 5.1179
831 4.1354 3.5942 5.0391
832 4.2216 4.6946 4.9492
833 4.3037 5.4716 4.9313
834 4.3815 8.2082 5.3247
835 4.4550 5.7116 5.6340
836 4.5241 5.8637 5.9081
837 4.5888 5.2876 5.9137
838 4.6489 5.7669 5.8035
839 4.7044 4.6078 5.6740
840 4.7553 4.0699 5.3276
841 4.8015 8.3922 5.8074
842 4.8429 6.1400 5.9519
843 4.8796 4.7626 5.8810
844 4.9114 6.4965 5.7099
845 4.9384 8.8110 6.0198
846 4.9606 7.9713 6.2306
847 4.9778 5.5278 6.2546
848 4.9901 6.6906 6.3470
849 4.9975 8.5506 6.7413
850 5.0000 4.7576 6.8100
851 4.9975 5.3347 6.5043
852 4.9901 5.0685 6.3971
853 4.9778 6.7120 6.5921
854 4.9606 5.6301 6.5054
855 4.9384 4.9730 6.1216
856 4.9114 7.2018 6.0447
857 4.8796 5.2557 6.0175
858 4.8429 6.1855 5.9669
859 4.8015 5.7244 5.6843
860 4.7553 7.5428 5.9628
861 4.7044 8.4487 6.2742
862 4.6489 8.2718 6.5946
863 4.5888 5.6297 6.4863
864 4.5241 3.7477 6.2981
865 4.4550 5.5222 6.3530
866 4.3815 5.1347 6.1463
867 4.3037 4.6729 6.0880
868 4.2216 4.2500 5.8945
869 4.1354 3.5773 5.6798
870 4.0451 5.8331 5.5088
871 3.9508 7.1623 5.3802
872 3.8526 4.2418 4.9772
873 3.7506 5.2616 4.9404
874 3.6448 5.3271 5.0983
875 3.5355 7.0892 5.2550
876 3.4227 2.7209 5.0136
877 3.3066 3.2558 4.8719
878 3.1871 4.1466 4.8616
879 3.0645 4.7474 4.9786
880 2.9389 5.7582 4.9711
881 2.8104 6.0969 4.8645
882 2.6791 4.0457 4.8449
883 2.5452 5.3940 4.8582
884 2.4088 3.6407 4.6895
885 2.2700 2.3697 4.2176
886 2.1289 3.5507 4.3006
887 1.9857 3.2308 4.2981
888 1.8406 2.0499 4.0884
889 1.6937 2.8011 3.8938
890 1.5451 4.8062 3.7986
891 1.3950 1.4912 3.3380
892 1.2434 4.9280 3.4263
893 1.0907 2.2830 3.1151
894 0.9369 0.6256 2.8136
895 0.7822 1.9099 2.7677
896 0.6267 4.1896 2.8315
897 0.4705 1.3606 2.6445
898 0.3140 3.1547 2.7550
899 0.1571 -0.6395 2.4109
900 0.0000 3.9374 2.3241
901 -0.1571 -0.7869 2.0962
902 -0.3140 3.0513 1.9086
903 -0.4705 -0.0612 1.6741
904 -0.6267 -0.6664 1.5450
905 -0.7822 2.6613 1.6201
906 -0.9369 0.5890 1.2600
907 -1.0907 -1.7242 0.9515
908 -1.2434 -2.2123 0.4148
909 -1.3950 -1.7701 0.3018
910 -1.5451 -2.4084 -0.3328
911 -1.6937 -2.6407 -0.5182
912 -1.8406 -2.3867 -1.0620
913 -1.9857 1.8005 -0.8758
914 -2.1289 1.6041 -0.6488
915 -2.2700 1.6480 -0.7501
916 -2.4088 -3.1863 -1.1276
917 -2.5452 -2.1200 -1.1672
918 -2.6791 1.2037 -0.8256
919 -2.8104 -3.2441 -0.9730
920 -2.9389 -2.8512 -1.0173
921 -3.0645 -1.9765 -0.9509
922 -3.1871 -1.1365 -0.8258
923 -3.3066 -3.5076 -1.3567
924 -3.4227 -3.8571 -1.9028
925 -3.5355 0.4355 -2.0240
926 -3.6448 0.2688 -1.6785
927 -3.7506 -4.4643 -1.9129
928 -3.8526 -2.8116 -2.3145
929 -3.9508 -4.7146 -2.4615
930 -4.0451 -3.5051 -2.5269
931 -4.1354 -1.4775 -2.4770
932 -4.2216 -4.6012 -2.8235
933 -4.3037 -2.2317 -2.6959
934 -4.3815 -2.0465 -2.5148
935 -4.4550 -1.1646 -2.6748
936 -4.5241 -0.6255 -2.7643
937 -4.5888 -1.5622 -2.4740
938 -4.6489 -3.4879 -2.5417
939 -4.7044 -2.1321 -2.2834
940 -4.7553 -3.4720 -2.2801
941 -4.8015 -2.1498 -2.3473
942 -4.8429 -5.3066 -2.4179
943 -4.8796 -1.9490 -2.3896
944 -4.9114 -2.8658 -2.4715
945 -4.9384 -4.9582 -2.8509
946 -4.9606 -1.6376 -2.9521
947 -4.9778 -4.5814 -3.2540
948 -4.9901 -5.2456 -3.4298
949 -4.9975 -3.1207 -3.5287
950 -5.0000 -3.1966 -3.5011
951 -4.9975 -5.0032 -3.7865
952 -4.9901 -1.8039 -3.4362
953 -4.9778 -2.1926 -3.4606
954 -4.9606 -3.4005 -3.5140
955 -4.9384 -5.2040 -3.5386
956 -4.9114 -2.3402 -3.6089
957 -4.8796 -2.9692 -3.4477
958 -4.8429 -1.7862 -3.1017
959 -4.8015 -3.3121 -3.1209
960 -4.7553 -4.7665 -3.2778
961 -4.7044 -2.3425 -3.0118
962 -4.6489 -3.3164 -3.1630
963 -4.5888 -5.0512 -3.4489
964 -4.5241 -2.6111 -3.3699
965 -4.4550 -5.1637 -3.3659
966 -4.3815 -4.6669 -3.5986
967 -4.3037 -4.2501 -3.7267
968 -4.2216 -0.3661 -3.5847
969 -4.1354 -2.5796 -3.5114
970 -4.0451 -1.0928 -3.1440
971 -3.9508 -1.6235 -3.0721
972 -3.8526 -4.0177 -3.1423
973 -3.7506 0.1875 -2.6184
974 -3.6448 0.0382 -2.3535
975 -3.5355 -3.5441 -2.1915
976 -3.4227 -1.6071 -1.8855
977 -3.3066 -3.8535 -1.8459
978 -3.1871 0.4468 -1.7646
979 -3.0645 -0.0221 -1.5088
980 -2.9389 -1.1649 -1.5160
981 -2.8104 0.9665 -1.2570
982 -2.6791 0.7872 -0.7765
983 -2.5452 1.3869 -0.6566
984 -2.4088 -0.8617 -0.7466
985 -2.2700 -0.9481 -0.4870
986 -2.1289 0.5408 -0.2722
987 -1.9857 1.5264 0.2658
988 -1.8406 1.2814 0.3492
989 -1.6937 -1.6966 0.1818
990 -1.5451 1.8630 0.4846
991 -1.3950 -1.2790 0.2600
992 -1.2434 -1.7242 0.0089
993 -1.0907 -1.9114 -0.3209
994 -0.9369 -1.2057 -0.3553
995 -0.7822 1.7714 -0.0834
996 -0.6267 3.3045 0.1930
997 -0.4705 2.4587 0.2862
998 -0.3140 0.7380 0.2319
999 -0.1571 0.1482 0.4163
