0 0.0000 2.4526
1 1.5451 3.6131
2 2.9389 2.8903
3 4.0451 7.4297
4 4.7553 7.2715
5 5.0000 7.2847
6 4.7553 7.3743
7 4.0451 5.8500
8 2.9389 6.7927
9 1.5451 2.4133
10 0.0000 1.9029
11 -1.5451 -1.1615
12 -2.9389 -3.7117
13 -4.0451 -3.8277
14 -4.7553 -3.7075
15 -5.0000 -4.4393
16 -4.7553 -1.4619
17 -4.0451 -2.1120
18 -2.9389 -1.8934
19 -1.5451 -2.0655
20 -0.0000 1.7622
21 1.5451 1.5046
22 2.9389 2.2714
23 4.0451 3.5666
24 4.7553 5.6767
25 5.0000 7.6442
26 4.7553 6.4937
27 4.0451 7.1285
28 2.9389 4.3638
29 1.5451 3.5382
30 0.0000 2.8426
31 -1.5451 0.5861
32 -2.9389 -0.1830
33 -4.0451 -3.1392
34 -4.7553 -2.3587
35 -5.0000 -5.4378
36 -4.7553 -2.4839
37 -4.0451 -2.3755
38 -2.9389 0.0268
39 -1.5451 0.3568
40 -0.0000 0.2317
41 1.5451 3.0391
42 2.9389 4.3871
43 4.0451 4.4163
44 4.7553 4.4784
45 5.0000 8.3692
46 4.7553 4.3830
47 4.0451 3.9011
48 2.9389 5.8178
49 1.5451 4.5720
50 0.0000 1.4157
51 -1.5451 1.2601
52 -2.9389 -0.6333
53 -4.0451 -3.7592
54 -4.7553 -2.8176
55 -5.0000 -2.4063
56 -4.7553 -5.6343
57 -4.0451 -3.4809
58 -2.9389 -1.8150
59 -1.5451 1.8336
60 -0.0000 1.5103
61 1.5451 1.3833
62 2.9389 4.8954
63 4.0451 5.0273
64 4.7553 4.9583
65 5.0000 8.8299
66 4.7553 5.7867
67 4.0451 5.8742
68 2.9389 2.7236
69 1.5451 1.2491
70 0.0000 1.5919
71 -1.5451 -2.0713
72 -2.9389 -0.6983
73 -4.0451 -2.9869
74 -4.7553 -3.0675
75 -5.0000 -4.2537
76 -4.7553 -3.1107
77 -4.0451 -4.5641
78 -2.9389 -0.3207
79 -1.5451 -0.4979
80 -0.0000 1.3962
81 1.5451 5.0135
82 2.9389 3.2540
83 4.0451 4.8715
84 4.7553 7.6674
85 5.0000 7.9711
86 4.7553 4.5755
87 4.0451 6.8181
88 2.9389 5.1194
89 1.5451 1.9056
90 0.0000 0.5162
91 -1.5451 0.2049
92 -2.9389 0.1414
93 -4.0451 -2.9541
94 -4.7553 -2.4916
95 -5.0000 -2.9945
96 -4.7553 -0.8777
97 -4.0451 -4.2054
98 -2.9389 -2.8337
99 -1.5451 2.1421
